E0_band10,E0_band11
1266.148259004390,1249.929942647800
1266.145845690180,1249.937766127700
1266.143431092420,1249.945668909800
1266.141020633620,1249.953637416520
1266.138609814250,1249.961693128620
1266.136202424040,1249.969806297480
1266.133796388750,1249.978009932680
1266.131392941210,1249.986276291260
1266.128992956560,1249.994625344250
1266.126594910290,1250.003044779010
1266.124202177140,1250.011538791730
1266.121810759790,1250.020111162380
1266.119425923700,1250.028750375830
1266.117043487130,1250.037472451280
1266.114666755830,1250.046257076000
1266.112294361980,1250.055132578830
1266.109927340740,1250.064070272890
1266.107567013510,1250.073090134250
1266.105211482540,1250.082181023730
1266.102864042860,1250.091346470690
1266.100520860110,1250.100590112460
1266.098187009210,1250.109900723190
1266.095858482990,1250.119293149610
1266.093538388530,1250.128752698840
1266.091226237650,1250.138298670740
1266.088922413460,1250.147907305920
1266.086627936160,1250.157598020910
1266.084341212310,1250.167358715650
1266.082065522480,1250.177193687130
1266.079797173400,1250.187106782670
1266.077541138490,1250.197086728470
1266.075293747620,1250.207147901500
1266.073058235700,1250.217276022210
1266.070833004790,1250.227488521670
1266.068619227320,1250.237764804570
1266.066416946700,1250.248122379100
1266.064226389750,1250.258550046960
1266.062049739850,1250.269051470530
1266.059884876930,1250.279630004190
1266.057734977370,1250.290275033970
1266.055597017300,1250.300999956790
1266.053474276410,1250.311791769300
1266.051365236340,1250.322667170280
1266.049270932820,1250.333605689750
1266.047192319260,1250.344623972520
1266.045127963950,1250.355711949470
1266.043080674190,1250.366872950000
1266.041048392290,1250.378110833740
1266.039034812500,1250.389414702690
1266.037036261500,1250.400797986600
1266.035056604050,1250.412247205610
1266.033093774830,1250.423777995320
1266.031149124430,1250.435372037460
1266.029223641770,1250.447044746030
1266.027315813720,1250.458786346390
1266.025428591320,1250.470600048160
1266.023559821200,1250.482488571300
1266.021713358610,1250.494443003120
1266.019885141250,1250.506472482780
1266.018078941970,1250.518569442880
1266.016293407850,1250.530748475100
1266.014529634550,1250.542989200760
1266.012789141700,1250.555307000280
1266.011069819430,1250.567693220660
1266.009374808860,1250.580150459230
1266.007701806090,1250.592678430660
1266.006054594650,1250.605277161250
1266.004429411080,1250.617949143610
1266.002829911670,1250.630686053180
1266.001255204100,1250.643502738820
1265.999705958730,1250.656380419790
1265.998183498530,1250.669334083130
1265.996685805190,1250.682354262610
1265.995216253150,1250.695444248470
1265.993772358420,1250.708604055900
1265.992358140790,1250.721833385150
1265.990969720820,1250.735134600520
1265.989611105640,1250.748499704830
1265.988280451140,1250.761941566020
1265.986979061840,1250.775444851520
1265.985706822980,1250.789022549870
1265.984464704090,1250.802665962600
1265.983254289210,1250.816377872520
1265.982073554490,1250.830157965550
1265.980926314650,1250.844006256780
1265.979808896880,1250.857924526900
1265.978725250750,1250.871905880150
1265.977673478290,1250.885962462630
1265.976654837280,1250.900079136130
1265.975669689740,1250.914268016960
1265.974718537560,1250.928521628230
1265.973802620160,1250.942842376200
1265.972920052790,1250.957230537870
1265.972075114220,1250.971685528450
1265.971263658060,1250.986209517460
1265.970490111670,1251.000795138520
1265.969752092640,1251.015453522970
1265.969051104200,1251.030171555370
1265.968387498180,1251.044960191630
1265.967761788140,1251.059812291160
1265.967175071520,1251.074730153040
1265.966625624190,1251.089713442170
1265.966117939100,1251.104762191810
1265.965647161860,1251.119875427740
1265.965217685820,1251.135051569650
1265.964827981060,1251.150300567250
1265.964479192630,1251.165607459360
1265.964172198940,1251.180983093850
1265.963906980660,1251.196421382310
1265.963684684520,1251.211924094180
1265.963503404300,1251.227490895510
1265.963367454430,1251.243121832850
1265.963272533970,1251.258818470780
1265.963222834360,1251.274575165230
1265.963217002630,1251.290402365810
1265.963255914990,1251.306286466390
1265.963340204870,1251.322238070980
1265.963470079790,1251.338248664080
1265.963646788240,1251.354326052540
1265.963868148590,1251.370464745440
1265.964138793750,1251.386666345340
1265.964454122980,1251.402932307660
1265.964818707040,1251.419257359130
1265.965230407610,1251.435649914380
1265.965690576110,1251.452100006340
1265.966199079790,1251.468616214710
1265.966756858740,1251.485190629330
1265.967365477470,1251.501830745480
1265.968022724610,1251.518530772230
1265.968732854710,1251.535292621970
1265.969491569720,1251.552117248910
1265.970303295060,1251.569000421560
1265.971164849770,1251.585949846540
1265.972080120830,1251.602955842630
1265.973046869450,1251.620026111240
1265.974066412220,1251.637154485430
1265.975140096480,1251.654346781820
1265.976265591700,1251.671599037810
1265.977447576750,1251.688912225650
1265.978681378820,1251.706287636830
1265.979971808090,1251.723720729120
1265.981315199190,1251.741218242400
1265.982715817100,1251.758772408820
1265.984171148780,1251.776389839660
1265.985682569890,1251.794064870600
1265.987251175310,1251.811802873080
1265.988874876490,1251.829599765460
1265.990558640240,1251.847456931280
1265.992296789560,1251.865372457800
1265.994094169620,1251.883347695730
1265.995948223640,1251.901388488580
1265.997862154730,1251.919484864180
1265.999834661700,1251.937643730040
1266.001866273820,1251.955860114780
1266.003958127120,1251.974139069390
1266.006107862620,1251.992476456030
1266.008320221780,1252.010873719220
1266.010590182370,1252.029331885090
1266.012922355100,1252.047847458040
1266.015313954980,1252.066427682920
1266.017768519650,1252.085062991620
1266.020284006990,1252.103760859300
1266.022861283160,1252.122515495840
1266.025501648660,1252.141332333840
1266.028202292710,1252.160207828620
1266.030968338680,1252.179143105270
1266.033794315740,1252.198139248370
1266.036685234210,1252.217192725230
1266.039637626640,1252.236309453470
1266.042655348030,1252.255481301510
1266.045735529430,1252.274718702240
1266.048879802590,1252.294011608220
1266.052089614060,1252.313367148730
1266.055362361790,1252.332781138870
1266.058702610220,1252.352255132760
1266.062105295160,1252.371789878680
1266.065575177690,1252.391382478990
1266.069108392900,1252.411038820780
1266.072709114780,1252.430750599220
1266.076374563330,1252.450527143940
1266.080105986310,1252.470360532040
1266.083904655850,1252.490256457490
1266.087767710930,1252.510212189940
1266.091700108790,1252.530228468550
1266.305845762910,1250.245359993580
1266.375417981270,1249.480346151760
1266.374280909900,1249.481262279000
1266.373126402450,1249.482212349390
1266.371955388640,1249.483188941160
1266.370765075440,1249.484195616350
1266.369560022450,1249.485236025480
1266.368334824180,1249.486302674040
1266.367094045980,1249.487410880270
1266.365834958210,1249.488541141930
1266.364558494130,1249.489717472400
1266.363264953140,1249.490920467930
1266.361952648120,1249.492165391770
1266.360624188670,1249.493445036060
1266.359277474890,1249.494762422140
1266.357915325630,1249.49612136421
1266.356535001050,1249.49751344124
1266.355137516410,1249.49895501028
1266.353723812720,1249.50042810752
1266.352291259350,1249.50194888962
1266.350844374710,1249.50350935331
1266.349377946810,1249.50511296206
1266.347896646140,1249.50676365269
1266.346396975900,1249.50845272815
1266.344880517000,1249.51019652156
1266.343348488020,1249.51197734053
1266.341797974550,1249.51381173349
1266.340233560610,1249.51569001824
1266.338649883830,1249.51761637068
1266.337051498710,1249.51959452506
1266.335435898440,1249.52161562738
1266.333804032320,1249.52369694758
1266.332155977020,1249.52581896954
1266.330491832620,1249.52799897190
1266.328812309580,1249.53022763127
1266.327115285350,1249.53250880652
1266.325404565370,1249.53484410584
1266.323675814040,1249.53722807321
1266.321932662940,1249.53967819100
1266.320173878780,1249.54217234231
1266.318399717100,1249.54472881777
1266.316611129360,1249.54733817025
1266.314805700540,1249.55000404708
1266.312987791460,1249.55273062054
1266.311152110560,1249.55550768128
1266.309302756390,1249.55835355431
1266.307438698920,1249.56124763452
1266.305560116380,1249.56420832490
1266.303667961770,1249.56722134366
1266.301759893070,1249.57030207784
1266.299840097920,1249.57343937244
1266.297903895380,1249.57663771428
1266.295955485310,1249.57990169839
1266.293992566500,1249.58322011458
1266.292016112120,1249.58661226866
1266.290026464260,1249.59005602844
1266.288022350880,1249.59357057388
1266.286006022870,1249.59714573994
1266.283976074540,1249.60078500796
1266.281934953810,1249.60449290799
1266.279880394740,1249.60825766070
1266.277813422200,1249.61209980756
1266.275735001370,1249.61599546920
1266.273642937720,1249.61996489148
1266.271541339890,1249.62399727254
1266.269425705550,1249.62809643462
1266.267300234870,1249.63226677129
1266.265162217700,1249.63649666023
1266.263013039150,1249.64080628657
1266.260853926940,1249.64517258177
1266.258682394070,1249.64961594125
1266.256501902260,1249.65412383902
1266.254309363140,1249.65870084010
1266.252108838400,1249.66335104848
1266.249896021180,1249.66806284086
1266.247674942260,1249.67285749189
1266.245443494710,1249.67770981532
1266.243202673090,1249.68264111063
1266.240953272100,1249.68763909851
1266.238693489950,1249.69270817443
1266.236426737520,1249.69785052704
1266.234149463950,1249.70305770280
1266.231864900630,1249.70835134003
1266.229572199720,1249.71370347416
1266.227271655820,1249.71913653150
1266.224964208550,1249.72463825178
1266.222647900940,1249.73021273706
1266.220326636920,1249.73586469675
1266.217995968180,1249.74158100953
1266.215659572670,1249.74737958878
1266.213316711520,1249.75324300043
1266.210967654970,1249.75919440981
1266.208613397250,1249.76520602135
1266.206251962430,1249.77130119645
1266.203887144090,1249.77746570836
1266.201514989800,1249.78370471781
1266.199139293350,1249.79002346401
1266.196758173060,1249.79640774372
1266.194372621810,1249.80288094203
1266.191983081540,1249.80941535635
1266.189588555720,1249.81603416815
1266.187190991500,1249.82272440508
1266.184789546910,1249.82949019134
1266.182386322650,1249.83633645837
1266.179979560700,1249.84324904223
1266.177570247890,1249.85025155801
1266.175159354920,1249.85731590055
1266.172745110440,1249.86446524219
1266.170331156710,1249.87168673490
1266.167913058840,1249.87898459374
1266.165496606060,1249.88636324135
1266.163077096570,1249.89380962229
1266.160658265750,1249.90134558645
1266.158238713550,1249.90894561574
1266.155819195240,1249.91663163256
1266.153400779640,1249.92438986631
1266.150981508400,1249.93222504541
1266.148565042150,1249.94014099802
1266.146147821890,1249.94812558407
1266.143733451610,1249.95620038140
1266.141320247910,1249.96433937455
1266.138909217850,1249.97256404863
1266.136501274720,1249.98086166724
1266.134094853100,1249.98923659420
1266.131692944510,1249.99769049017
1266.129292826790,1250.00621524441
1266.126897302130,1250.01483140574
1266.124505869000,1250.02350783113
1266.122118863950,1250.03227782020
1266.119737191810,1250.04111335934
1266.117359357440,1250.05003458769
1266.114988767690,1250.05902908032
1266.112621864290,1250.06810105713
1266.110261875670,1250.07725431534
1266.107908287210,1250.08647724224
1266.105561489540,1250.09579031934
1266.103222529340,1250.10516845253
1266.100889758280,1250.11463222209
1266.098566587980,1250.12416885949
1266.096249753540,1250.13378290944
1266.093942651210,1250.14347848041
1266.091643802130,1250.15324362610
1266.089354217980,1250.16309745845
1266.087074447730,1250.17301711940
1266.084803738840,1250.18302146675
1266.082543730910,1250.19309981984
1266.080294130160,1250.20325534432
1266.078056675540,1250.21349185003
1266.075829604230,1250.22379767078
1266.073615459350,1250.23419182790
1266.071413028640,1250.24465134344
1266.069223201760,1250.25519481765
1266.067046859030,1250.26581183102
1266.064882748430,1250.27650562072
1266.062734083530,1250.28727949342
1266.060597814150,1250.29812299618
1266.058477192320,1250.30905324491
1266.056371029020,1250.32005001520
1266.054280177540,1250.33113051856
1266.052205830540,1250.34228359848
1266.050146188830,1250.35351291902
1266.048104777310,1250.36482123534
1266.046078407970,1250.37619897938
1266.044070549130,1250.38766300779
1266.042079749220,1250.39919264540
1266.040107067190,1250.41080468745
1266.038153630900,1250.42248575003
1266.036217828060,1250.43424881302
1266.034302654480,1250.44608239394
1266.032405691960,1250.45799134139
1266.030529749750,1250.46998110792
1266.028674395280,1250.48203927281
1266.026840055390,1250.49418159943
1266.025027728160,1250.50638959041
1266.023235976890,1250.51867878384
1266.021468344520,1250.53103932132
1266.019721368190,1250.54347442677
1266.017998462160,1250.55598683553
1266.016298930830,1250.56856755359
1266.014623385800,1250.58123254209
1266.012973101850,1250.59396172910
1266.011346237630,1250.60677120268
1266.009746662450,1250.61965083303
1266.008170714790,1250.63260413961
1266.006622246080,1250.64563414676
1266.230934406510,1249.84370347639
1266.304686346280,1249.57587806715
1266.303150646670,1249.57845367230
1266.301604034410,1249.58105576444
1266.300048018010,1249.58371283481
1266.298482544090,1249.58639578925
1266.296908504060,1249.58913421092
1266.295325164570,1249.59189918743
1266.293732536790,1249.59471651584
1266.292130775410,1249.59756826777
1266.290519152790,1249.60046883773
1266.288900201380,1249.60340467082
1266.287270719310,1249.60638680654
1266.285634092720,1249.60941167066
1266.283986276020,1249.61247960266
1266.282333441700,1249.61559077244
1266.280668475470,1249.61874193717
1266.278997978120,1249.62194398746
1266.277316243600,1249.62518328684
1266.275628809810,1249.62847460720
1266.273931540840,1249.63180262799
1266.272227922910,1249.63518305465
1266.270514668730,1249.63859691579
1266.268795087080,1249.64207067603
1266.267066191830,1249.64557512108
1266.265330447500,1249.64914047158
1266.263587186960,1249.65273636833
1266.261836492980,1249.65638974587
1266.260078497310,1249.66008173729
1266.258312420700,1249.66382778205
1266.256540750570,1249.667612863070
1266.254760507650,1249.671447047600
1266.252974715920,1249.675328220050
1266.251180723160,1249.679258842600
1266.249381167270,1249.683236829260
1266.247573475720,1249.687262113850
1266.245762447370,1249.691335122590
1266.243942063430,1249.695452394310
1266.242118587300,1249.699625816670
1266.240285992410,1249.703839495470
1266.238449783180,1249.708109633470
1266.236606240290,1249.712416384410
1266.234757759330,1249.716787890230
1266.232902733880,1249.721192365610
1266.231043265620,1249.725662846910
1266.229178523700,1249.730165666400
1266.227308642700,1249.734735064070
1266.225433751140,1249.739336816690
1266.223553892580,1249.744000590190
1266.221669289530,1249.748705946850
1266.219779304130,1249.753469955910
1266.217886325050,1249.758275508320
1266.215987498620,1249.763135546960
1266.214085953050,1249.768045875840
1266.212178097180,1249.773006697440
1266.210268596560,1249.778018053770
1266.208353021670,1249.783076264860
1266.206435085970,1249.788194234100
1266.204512365420,1249.793354230270
1266.202588392020,1249.798574256470
1266.200659808890,1249.803836438300
1266.198729527440,1249.809158825350
1266.196794959470,1249.814519143350
1266.194859066840,1249.819948073220
1266.192919149410,1249.825411412190
1266.190977469420,1249.830944188440
1266.189033503240,1249.836510924800
1266.187087430980,1249.842142751460
1266.185139382070,1249.847817649980
1266.183188636420,1249.853553311530
1266.181237528340,1249.859332267210
1266.179283693680,1249.865168450720
1266.177330012830,1249.871056815330
1266.175373654260,1249.876997501680
1266.173417822070,1249.882990514320
1266.171458799260,1249.889035621190
1266.169501849210,1249.895133189190
1266.167541595690,1249.901279057040
1266.165583728220,1249.907486578300
1266.163622914550,1249.913737719410
1266.161664119230,1249.920050462530
1266.159704109430,1249.926402765540
1266.157745728070,1249.932825301100
1266.155786514070,1249.939283413630
1266.153828374070,1249.945808440900
1266.151871093550,1249.952372560170
1266.149914604960,1249.959007857250
1266.147959332480,1249.965678165560
1266.146005858520,1249.972414417580
1266.144053959640,1249.979195332260
1266.142103103620,1249.986038288360
1266.140155508140,1249.992925792980
1266.138208668080,1249.999870806370
1266.136265440700,1250.006869096020
1266.134322704640,1250.013920619480
1266.132384389350,1250.021025473920
1266.130447166530,1250.028179857820
1266.128515550320,1250.035396348100
1266.126584593420,1250.042657577720
1266.124659093890,1250.049980881730
1266.122735852610,1250.057348794790
1266.120817657020,1250.064778281640
1266.118902184210,1250.072249152300
1266.116992149630,1250.079790083030
1266.115085253320,1250.087368002570
1266.113183543130,1250.095015646490
1266.111286640870,1250.102700642210
1266.109394444350,1250.110451065010
1266.107507459070,1250.118247103360
1266.105625090780,1250.126105288490
1266.103748823290,1250.134008638760
1266.101878180610,1250.141969660580
1266.100014704750,1250.149984171580
1266.098155696920,1250.158052075830
1266.096305440960,1250.166173453760
1266.094459476050,1250.174347851970
1266.092622807040,1250.182575702710
1266.090790723340,1250.190853398620
1266.088968301630,1250.199192222850
1266.087150943500,1250.207576742010
1266.085343065390,1250.216022177560
1266.083541887180,1250.224509779640
1266.081749913670,1250.233065411130
1266.079965143540,1250.241659763600
1266.078189597820,1250.250323104920
1266.076422835850,1250.259024107550
1266.074665135060,1250.267789934260
1266.072916659530,1250.276601317590
1266.071177396700,1250.285472839580
1266.069447802060,1250.294390380850
1266.067727443070,1250.303368511830
1266.066018356200,1250.312392423470
1266.064318391580,1250.321472936710
1266.062630114910,1250.330606466910
1266.060950896840,1250.339792867280
1266.059285074560,1250.349032206690
1266.057628083540,1250.358320156980
1266.055984282560,1250.367666126480
1266.054350432020,1250.377060876810
1266.052729550540,1250.386515697500
1266.051120121170,1250.396015743220
1266.049524442960,1250.405575250350
1266.047940234280,1250.415177277380
1266.046369983880,1250.424845764670
1266.044811695010,1250.434552958200
1266.043267251390,1250.444326155350
1266.041736383730,1250.454138308230
1266.040218958850,1250.464012720870
1266.038715587350,1250.473932899540
1266.037226231770,1250.483912702610
1266.035752540450,1250.493937655410
1266.034292514800,1250.504018175670
1266.032848782280,1250.514150782430
1266.031418333910,1250.524334960620
1266.030005832280,1250.534571106510
1266.028606576960,1250.544859365750
1266.027225679170,1250.555199467960
1266.025858590250,1250.565588046390
1266.024510286430,1250.576034694670
1266.023176342650,1250.586526600290
1266.021860825120,1250.597076268560
1266.020561511270,1250.607668243580
1266.019279857500,1250.618324915040
1266.018015410450,1250.629019772540
1266.016769700970,1250.639778959680
1266.015542190020,1250.650576422380
1266.014333157410,1250.661434570660
1266.013142824150,1250.672337517230
1266.011971519900,1250.683297102050
1266.010819417380,1250.694301840350
1266.009686077660,1250.705363539640
1266.008573671260,1250.716470099650
1266.007479940260,1250.727630244760
1266.006407617730,1250.738841061520
1266.005353913420,1250.750102334410
1266.004323422020,1250.761414129910
1266.003311365540,1250.772773834480
1266.002323168090,1250.784189960840
1266.001353772180,1250.795650300840
1266.000408340710,1250.807166786710
1265.999483379430,1250.818727273720
1265.998581881650,1250.830343266730
1265.997701536210,1250.842001119490
1265.996845183640,1250.853720032400
1265.996010538050,1250.865477654510
1265.953270204660,1251.150961819930
1265.939202506220,1251.243183954550
1265.939212473660,1251.242637310450
1265.939222493490,1251.242090740920
1265.939232565700,1251.241544245950
1265.939242690260,1251.240997825560
1265.939252867170,1251.240451479760
1265.939263096380,1251.239905208540
1265.939273377900,1251.239359011930
1265.939283711690,1251.238812889920
1265.939294097760,1251.238266842520
1265.939304536060,1251.237720869750
1265.939315026590,1251.237174971600
1265.939325569330,1251.236629148100
1265.939336164250,1251.236083399230
1265.939346811350,1251.235537725020
1265.939357510610,1251.234992125460
1265.939368261990,1251.234443405630
1265.939379065490,1251.233894763110
1265.939389921080,1251.233349391080
1265.939400828760,1251.232804093730
1265.939411788490,1251.232258871070
1265.939422800260,1251.231713723110
1265.939433864060,1251.231168649850
1265.939444979860,1251.230623651300
1265.939456147650,1251.230078727480
1265.939466347010,1251.229533878380
1265.939474558860,1251.228989104010
1265.939485884650,1251.228444404380
1265.939497262350,1251.227899779510
1265.939508691930,1251.227355229390
1265.939520173380,1251.226810754030
1265.939531706680,1251.226266353450
1265.939543291820,1251.225722027660
1265.939554928770,1251.225177776640
1265.939566617520,1251.224633600420
1265.939578358040,1251.224089499010
1265.939590150330,1251.223545472400
1265.939601994350,1251.223001520620
1265.939613890100,1251.222457643660
1265.939625837540,1251.221913841530
1265.939637836680,1251.221370114250
1265.939649887470,1251.220826461810
1265.939661989920,1251.220282884230
1265.939674144000,1251.219739381510
1265.939686349690,1251.219195953670
1265.939698606970,1251.218652600710
1265.939710915820,1251.218109322630
1265.939723276230,1251.217566119450
1265.939735688180,1251.217022991170
1265.939748151640,1251.216479937790
1265.939760666610,1251.215936959340
1265.939773233050,1251.215394055820
1265.939785850960,1251.214851227220
1265.939798520310,1251.214308473570
1265.939811241100,1251.213765794860
1265.939824013280,1251.213223191110
1265.939836836850,1251.212680662330
1265.939849711790,1251.212138208510
1265.939862638090,1251.211595829670
1265.939875615720,1251.211053525830
1265.939888644660,1251.210511296970
1265.939901724900,1251.209969143120
1265.939914856420,1251.209427064280
1265.939928039190,1251.208885060460
1265.939941273210,1251.208343131660
1265.939954558450,1251.207801277880
1265.939967894890,1251.207259499160
1265.939981282520,1251.206717795490
1265.939994721310,1251.206176166860
1265.940008211250,1251.205627331640
1265.940021752320,1251.205085856440
1265.940035344500,1251.204544456300
1265.940048987780,1251.204003131250
1265.940062682120,1251.203461881290
1265.940076427520,1251.202920706410
1265.940090223960,1251.202379606640
1265.940104071420,1251.201838581970
1265.940117969880,1251.201297632430
1265.940129199060,1251.200756758000
1265.940142294550,1251.200215958710
1265.940156347980,1251.199675234550
1265.940170452340,1251.199134585550
1265.940184607590,1251.198594011700
1265.940198813730,1251.198053513010
1265.940213070740,1251.197513089490
1265.940227378590,1251.196972741140
1265.940241737270,1251.196432467990
1265.940256146760,1251.195892270030
1265.940270607040,1251.195352147260
1265.940285118090,1251.194812099710
1265.940299679890,1251.194272127370
1265.940314292430,1251.193732230260
1265.940328955680,1251.193192408380
1265.940343669640,1251.192652661740
1265.940358434280,1251.192112990340
1265.940373249570,1251.191573394200
1265.940388115500,1251.191033873330
1265.940403032060,1251.190494427720
1265.940417999230,1251.189955057390
1265.940433016970,1251.189415762350
1265.940448085290,1251.188876542600
1265.940463204160,1251.188337398160
1265.940478373560,1251.187798329020
1265.940493593470,1251.187259335210
1265.940508863870,1251.186720416710
1265.940524184750,1251.186181573550
1265.940539556090,1251.185642805720
1265.940554977860,1251.185104113250
1265.940570450060,1251.184565496130
1265.940585972650,1251.184026954380
1265.940601545630,1251.183488487980
1265.940617168960,1251.182950096990
1265.940632842650,1251.182411781360
1265.940648566660,1251.181873541140
1265.940664340980,1251.181335376320
1265.940680165590,1251.180797286910
1265.940696040470,1251.180259272910
1265.940711965600,1251.179721334340
1265.940727940970,1251.179183471210
1265.940743966540,1251.178645683520
1265.940760042320,1251.178107971270
1265.940776168280,1251.177566573580
1265.940792344390,1251.177025253700
1265.940808570650,1251.176487770960
1265.940824847020,1251.175950363680
1265.940841173500,1251.175413031890
1265.940857550070,1251.174875775590
1265.940873976700,1251.174338594780
1265.940890453370,1251.173801489470
1265.940906980080,1251.173264459680
1265.940922657970,1251.172727505390
1265.940936589580,1251.172190626640
1265.940953268500,1251.171653823410
1265.940969997370,1251.171117095730
1265.940986776170,1251.170580443600
1265.941003604880,1251.170043867020
1265.941020483490,1251.169507366000
1265.941037411970,1251.168970940560
1265.941054390310,1251.168434590700
1265.941071418490,1251.167898316430
1265.941088496490,1251.167362117750
1265.941105624290,1251.166825994670
1265.941122801870,1251.166289947200
1265.941140029210,1251.165753975360
1265.941157306310,1251.165218079140
1265.941174633120,1251.164682258550
1265.941192009650,1251.164146513610
1265.941209435860,1251.163610844310
1265.941226911750,1251.163075250680
1265.941244437280,1251.162539732710
1265.941262012460,1251.162004290410
1265.941279637250,1251.161468923790
1265.941297311640,1251.160933632860
1265.941315035600,1251.160398417630
1265.941332809120,1251.159863278110
1265.941350632180,1251.159328214290
1265.941368504770,1251.158793226200
1265.941386426850,1251.158258313830
1265.941404398430,1251.157723477200
1265.941422419470,1251.157188716310
1265.941440489950,1251.156654031170
1265.941458609870,1251.156119421800
1265.941476779200,1251.155584888190
1265.941494997910,1251.155050430360
1265.941513266000,1251.154516048300
1265.941531583450,1251.153981742040
1265.941549950230,1251.153447511580
1265.941568366330,1251.152913356920
1265.941586831730,1251.152379278080
1265.941605346410,1251.151845275060
1265.941623910350,1251.151311347870
1265.941642523540,1251.150777496510
1265.941661185940,1251.150243721010
1265.941679897550,1251.149710021350
1265.941698658350,1251.149169679840
1265.941717468320,1251.148636134970
1265.941736327440,1251.148102665970
1265.941755235690,1251.147569272850
1265.941774193050,1251.147035955610
1265.941793199510,1251.146502714260
1265.941812255040,1251.145969548810
1265.941831359620,1251.145436459260
1265.941850513250,1251.144903445640
1265.941867184190,1251.144370507930
1266.138624228790,1250.122333700250
1266.202529666770,1249.786220315600
1266.200613389480,1249.791336154070
1266.198690989110,1249.796519904400
1266.196767094530,1249.801735552390
1266.194839135880,1249.807014748160
1266.192908669340,1249.812335052520
1266.190974931780,1249.817710696840
1266.189039677760,1249.823136569670
1266.187102041780,1249.828612940340
1266.185162115150,1249.834139695270
1266.183220106490,1249.839712169420
1266.181275487600,1249.845344617690
1266.179330460690,1249.851018103130
1266.177381713300,1249.856751202210
1266.175434225190,1249.862521772450
1266.173482655080,1249.868361427600
1266.171532741710,1249.874233793770
1266.169578971960,1249.880175027970
1266.167626198360,1249.886149428780
1266.165671490350,1249.892188093070
1266.163717758790,1249.898269127980
1266.161762224730,1249.904406318920
1266.159807226850,1249.910594708860
1266.157852196430,1249.916834304710
1266.155897086850,1249.923125192620
1266.153942274900,1249.929462717150
1266.151987219830,1249.935860167730
1266.150034109260,1249.942300685340
1266.148079790760,1249.948801392100
1266.146129047180,1249.955340598800
1266.144176806550,1249.961948428930
1266.142228441780,1249.968590811130
1266.140278972630,1249.975301531280
1266.138332692050,1249.982047204290
1266.136387206870,1249.988854533030
1266.134444436480,1249.995706911690
1266.132503023730,1250.002616462160
1266.130564799590,1250.009577711960
1266.128629130140,1250.016590242430
1266.126696136590,1250.023654506980
1266.124766060150,1250.030766636390
1266.122838403540,1250.037938851450
1266.120915272350,1250.045154518530
1266.118993703610,1250.052430116230
1266.117077427810,1250.059745379120
1266.115163321230,1250.067128363340
1266.113255664710,1250.074547307120
1266.111349769460,1250.082030691300
1266.109450210550,1250.089557518030
1266.107553941980,1250.097144467790
1266.105663617790,1250.104774936140
1266.103777052120,1250.112460890000
1266.101896215290,1250.120198631470
1266.100020757210,1250.127988415680
1266.098150213580,1250.135829969810
1266.096286628170,1250.143719324380
1266.094427659900,1250.151668155960
1266.092575797270,1250.159660983720
1266.090728859650,1250.167713082880
1266.088889337900,1250.175805643010
1266.087055708240,1250.183965870480
1266.085231181650,1250.192161855950
1266.083411669310,1250.200421366600
1266.081601146180,1250.208724632770
1266.079797119070,1250.217087171350
1266.078002047080,1250.225493591420
1266.076213823630,1250.233954947670
1266.074434326210,1250.242467821590
1266.072663259370,1250.251032425750
1266.070900214140,1250.259648486210
1266.069147150050,1250.268312292240
1266.067401955080,1250.277034630350
1266.065667119540,1250.285801162420
1266.063940116720,1250.294625978000
1266.062225258650,1250.303491706150
1266.060517850540,1250.312423581200
1266.058823274950,1250.321391821950
1266.057136333690,1250.330422217380
1266.055461718920,1250.339496454330
1266.053796712830,1250.348628332390
1266.052143855760,1250.357804484580
1266.050501066810,1250.367035230680
1266.048870274090,1250.376316918640
1266.047251171920,1250.385649380770
1266.045643404360,1250.395032687890
1266.044049042030,1250.404463390290
1266.042465580280,1250.413951392850
1266.040895650470,1250.423480314490
1266.039337084790,1250.433069403980
1266.037793186100,1250.442699598200
1266.036260907610,1250.452394139730
1266.034744646020,1250.462125386920
1266.033239574700,1250.471916655180
1266.031750304760,1250.481751916260
1266.030273985970,1250.491644126880
1266.028813270660,1250.501580052570
1266.027366000290,1250.511569287220
1266.025933889410,1250.521608638380
1266.024516918020,1250.531697910550
1266.023114982100,1250.541837173320
1266.021729892560,1250.552023585380
1266.020359449620,1250.562266532510
1266.019006483290,1250.572549314500
1266.017667709000,1250.582894801310
1266.016348165930,1250.593277013270
1266.015042717190,1250.603720790220
1266.013756893520,1250.614202160430
1266.012485729320,1250.624742194320
1266.011233965910,1250.635325502700
1266.009998685670,1250.645964006700
1266.008781848320,1250.656645820330
1266.007583261010,1250.667379628980
1266.006402618640,1250.678162536980
1266.005240712790,1250.688994954010
1266.004097723870,1250.699876323760
1266.002975129210,1250.710803440690
1266.001870832190,1250.721785433860
1266.000787494710,1250.732807077670
1265.999722209730,1250.743889167640
1265.998679875800,1250.755008068090
1265.997655216650,1250.766186282240
1265.996653917010,1250.777402133960
1265.995670870280,1250.788674652390
1265.994710953130,1250.799989911380
1265.993771161390,1250.811358647860
1265.992853740500,1250.822770145720
1265.991958259190,1250.834232198380
1265.991084988930,1250.845742207370
1265.990234153030,1250.857297748720
1265.989405340650,1250.868906697540
1265.988601084590,1250.880557710460
1265.987818270490,1250.892261849000
1265.987060339950,1250.904005334310
1265.986323878390,1250.915806311190
1265.985614158520,1250.927644691760
1265.984925775830,1250.939540660830
1265.984264534710,1250.951473614590
1265.983625227960,1250.963461167340
1265.983013118570,1250.975490850000
1265.982424651990,1250.987572229400
1265.981861951460,1250.999695755230
1265.981324926310,1251.011866603670
1265.980813716870,1251.024084209340
1265.980328682570,1251.036348185970
1265.979869742190,1251.048663848120
1265.979439009590,1251.061020719510
1265.979033605630,1251.073428650420
1265.978656848460,1251.085876027280
1265.978305258940,1251.098379160070
1265.977984183090,1251.110919033250
1265.977688140520,1251.123514155170
1265.977422025590,1251.136146211670
1265.977183117260,1251.148830818260
1265.976974393260,1251.161556939600
1265.976793125410,1251.174334089200
1265.976641913480,1251.187152051840
1265.976520091060,1251.200017884110
1265.976427838610,1251.212929310450
1265.976365464950,1251.225883686760
1265.976332327590,1251.238887722300
1265.976331104070,1251.251932966230
1265.976358877590,1251.265027833450
1265.976418984350,1251.278161432400
1265.976507919880,1251.291348487420
1265.976630903750,1251.304572316440
1265.976782710230,1251.317849109880
1265.976967583480,1251.331162886360
1265.977183642870,1251.344528172890
1265.977433536810,1251.357933834440
1265.977714609300,1251.371386260070
1265.978029200690,1251.384883358450
1265.978376780960,1251.398424879090
1265.978757733080,1251.412010942050
1265.979172142210,1251.425639197300
1265.979619361100,1251.439315511310
1265.980102067020,1251.453032567090
1265.980617296410,1251.466797658440
1265.981168402620,1251.480601343400
1265.981751838920,1251.494456344070
1265.982373327550,1251.508348294370
1265.983026632030,1251.522291095110
1265.983717630730,1251.536271080920
1265.984442509450,1251.550300691390
1265.985205074420,1251.564370389530
1265.985697698810,1251.573183299670